Fecha,Tests,Tests Acumulados,Positivos,Positivos Acumulados
7/03/2020,0,0,0,0
8/03/2020,0,0,1,1
9/03/2020,0,0,0,1
10/03/2020,7,7,0,1
11/03/2020,7,14,4,5
12/03/2020,0,14,0,5
13/03/2020,17,31,1,6
14/03/2020,0,31,0,6
15/03/2020,33,64,1,7
16/03/2020,27,91,2,9
17/03/2020,26,117,2,11
18/03/2020,24,141,0,11
19/03/2020,32,173,2,13
20/03/2020,44,217,5,18
21/03/2020,68,285,4,22
22/03/2020,37,322,0,22
23/03/2020,89,411,5,27
24/03/2020,91,502,10,37
25/03/2020,51,553,4,41
26/03/2020,78,631,11,52
27/03/2020,101,732,4,56
28/03/2020,60,792,3,59
29/03/2020,105,897,5,64
30/03/2020,68,965,1,65
31/03/2020,90,1055,4,69
1/04/2020,95,1150,8,77
2/04/2020,116,1266,15,92
3/04/2020,165,1431,4,96
4/04/2020,192,1623,8,104
5/04/2020,200,1823,9,113
6/04/2020,162,1985,2,115
