Fecha,2020-03-07,2020-03-09,2020-03-10,2020-03-11,2020-03-12,2020-03-13,2020-03-15,2020-03-16,2020-03-17,2020-03-18,2020-03-19,2020-03-20,2020-03-21,2020-03-22,2020-03-23,2020-03-24,2020-03-25,2020-03-26,2020-03-27,2020-03-28,2020-03-29,2020-03-30,2020-03-31,2020-04-01,2020-04-02,2020-04-03,2020-04-04,2020-04-05,2020-04-06,2020-04-07,2020-04-08,2020-04-09,2020-04-10
Analizados,1,26,7,7,6,17,33,27,26,24,32,44,68,37,89,91,51,78,101,60,105,68,90,95,116,165,192,200,162,212,242,223,220
Positivos,1,1,3,0,1,1,1,1,2,0,2,5,4,0,5,10,4,11,4,3,5,1,4,8,15,4,8,9,2,4,5,5,4
Importados,1,1,0,0,0,0,0,0,1,0,0,0,3,0,5,5,3,7,3,1,4,1,2,6,0,3,2,3,1,2,0,2,1
Relacionados,0,0,3,0,1,1,1,1,1,0,1,3,1,0,0,4,1,3,1,2,0,0,2,1,14,1,4,6,1,1,5,3,1
Confirmados,1,2,5,5,6,7,8,9,11,11,13,18,22,22,27,37,41,52,56,59,64,65,69,77,92,96,104,113,115,119,124,129,133
Fallecidos,0,0,0,0,0,0,0,0,0,0,0,1,1,1,2,3,3,3,3,3,3,3,3,3,3,3,3,5,5,5,5,6,6
Recuperados,0,0,0,0,0,0,0,0,0,0,0,0,0,0,0,0,0,1,1,1,1,1,1,2,3,12,12,12,15,15,18,18,18
Hospitalizados,0,0,0,0,0,0,0,0,0,0,1,0,2,2,1,2,4,4,4,4,4,4,4,5,5,5,8,8,6,6,6,6,4
Tests,1,27,34,41,47,64,97,124,150,174,206,250,318,355,444,535,586,664,765,825,930,998,1088,1183,1299,1464,1656,1856,2018,2230,2472,2695,2915
